[Variables]
ercf_calib_0 = 1.0
ercf_calib_1 = 0.922480639078
ercf_calib_10 = 1.0
ercf_calib_11 = 1.0
ercf_calib_2 = 0.928779824018
ercf_calib_3 = 0.942364748311
ercf_calib_4 = 0.939471840411
ercf_calib_5 = 0.946737670577
ercf_calib_6 = 0.938751386546
ercf_calib_7 = 0.950412894454
ercf_calib_8 = 0.943817893644
ercf_calib_9 = 1.0
ercf_calib_ref = 1193.874704

