[Variables]
ercf_calib_0 = 1.0
ercf_calib_1 = 1.00148575499
ercf_calib_2 = 1.00148575499
ercf_calib_3 = 1.00148575499
ercf_calib_4 = 1.00148575499
ercf_calib_5 = 1.00354925586
ercf_calib_6 = 1.00079980584
ercf_calib_7 = 1.00217264508
ercf_calib_8 = 1.00217264508
ercf_calib_ref = 1035.3719035

