[Variables]
ercf_calib_0 = 1.0
ercf_calib_1 = 0.922480639078
ercf_calib_2 = 0.928779824018
ercf_calib_3 = 0.924956840838
ercf_calib_4 = 0.922480639078
ercf_calib_5 = 0.87
ercf_calib_6 = 0.89
ercf_calib_7 = 0.87
ercf_calib_8 = 0.89
ercf_calib_ref = 1180.493792

